
state={
	id=3
	name="STATE_3"

	history={
		owner = BEL
		add_core_of = BEL
	}

	state_category = megalopolis

	provinces={
		11 21 34 41 46 77 88 93 100 113 118 135 154 159 170 178 197 203 218 225 226 231 232 235 241 242 262 268 280 289 299 302 320 322 348 362 395 407 413 442 461 464 471 480 511 521 525 526 531 540 548 563 594 627 633 647 650 662 678 684 686 688 697 704 723 724 728 737 738 746 748 753 766 769 790 794 813 843 852 855 864 875 877 884 886 893 921 929 
	}
	manpower=10251000
	buildings_max_level_factor=1.000
}
