
state={
	id=4
	name="STATE_4"

	history={
		owner = GER
		add_core_of = GER
	}

	state_category = megalopolis

	provinces={
		3 12 15 17 31 40 43 44 50 55 69 75 94 96 104 114 116 121 149 150 152 158 162 163 167 174 177 179 180 183 190 205 208 209 210 212 216 236 245 246 259 260 264 265 266 269 272 274 277 281 283 303 311 314 321 332 333 339 343 349 351 353 359 361 375 377 397 399 403 405 410 414 417 419 434 439 448 450 454 456 460 467 477 482 486 507 510 529 537 541 550 551 565 575 582 588 589 590 593 628 632 642 645 649 653 665 677 679 680 683 687 689 693 700 701 702 703 709 710 713 720 730 731 734 744 750 754 755 758 764 768 778 782 791 792 795 803 804 806 809 816 818 823 827 828 839 850 858 878 880 881 889 891 894 908 910 919 924 926 
	}
	manpower=82160000
	buildings_max_level_factor=1.000
}
